0.013439999999999994
0.014415999999999991
0.014358857142857133
0.01435799999999999
0.01674239999999999
0.01677381818181817
0.01647771428571428
0.016377599999999992
0.0170795294117647
0.01701066666666666
0.017594399999999996
0.018084571428571426
0.018488347826086955
0.018379999999999997
0.018295384615384613
0.02170725
0.02586334426229508
0.03215105084745764
0.032467200000000015
0.032512800000000015
0.03256320000000002
0.03250880000000002
0.03244799999999999
0.0320298305084746
0.03163840000000002
0.03252080000000001
0.03395360000000001
0.0346208
